~o
<STREAMINFO> 1 39
<VECSIZE> 39<NULLD><MFCC_D_A_0><DIAGC>
~h "proto"
<BEGINHMM>
<NUMSTATES> 5
<STATE> 2
<MEAN> 39
 -4.306108e+00 -4.155473e+00 1.100003e+01 -2.312605e+00 -1.211582e+00 -4.119272e+00 -2.222195e+00 2.470582e+00 -3.904844e+00 5.203786e+00 -2.461504e+00 4.157902e+00 9.890804e+01 1.667378e-02 4.055923e-02 2.045490e-02 2.446790e-02 2.844103e-02 3.496268e-02 2.847755e-02 1.132452e-02 1.786152e-02 1.818454e-02 1.786170e-03 2.643027e-03 -5.973683e-03 -3.643526e-04 -6.005482e-06 1.112436e-04 -3.681615e-04 -3.212010e-04 -5.114127e-04 -6.260900e-04 -1.824987e-04 2.664995e-04 8.435545e-05 5.106959e-04 -8.651332e-05 -1.710398e-04
<VARIANCE> 39
 6.753474e+02 3.412362e+02 5.607598e+02 4.796462e+02 3.472082e+02 4.011722e+02 4.412065e+02 3.618229e+02 3.682593e+02 3.039560e+02 2.639483e+02 2.510356e+02 1.295583e+03 2.277723e+01 1.546074e+01 2.184501e+01 2.118108e+01 1.813343e+01 2.097883e+01 2.257618e+01 2.166374e+01 2.009357e+01 1.748309e+01 1.664689e+01 1.534765e+01 2.729284e+01 3.005151e+00 2.352162e+00 2.950290e+00 3.333734e+00 2.970534e+00 3.528604e+00 3.796648e+00 3.764385e+00 3.477007e+00 3.067227e+00 2.924742e+00 2.697526e+00 3.680372e+00
<GCONST> 2.040790e+02
<STATE> 3
<MEAN> 39
 -4.306108e+00 -4.155473e+00 1.100003e+01 -2.312605e+00 -1.211582e+00 -4.119272e+00 -2.222195e+00 2.470582e+00 -3.904844e+00 5.203786e+00 -2.461504e+00 4.157902e+00 9.890804e+01 1.667378e-02 4.055923e-02 2.045490e-02 2.446790e-02 2.844103e-02 3.496268e-02 2.847755e-02 1.132452e-02 1.786152e-02 1.818454e-02 1.786170e-03 2.643027e-03 -5.973683e-03 -3.643526e-04 -6.005482e-06 1.112436e-04 -3.681615e-04 -3.212010e-04 -5.114127e-04 -6.260900e-04 -1.824987e-04 2.664995e-04 8.435545e-05 5.106959e-04 -8.651332e-05 -1.710398e-04
<VARIANCE> 39
 6.753474e+02 3.412362e+02 5.607598e+02 4.796462e+02 3.472082e+02 4.011722e+02 4.412065e+02 3.618229e+02 3.682593e+02 3.039560e+02 2.639483e+02 2.510356e+02 1.295583e+03 2.277723e+01 1.546074e+01 2.184501e+01 2.118108e+01 1.813343e+01 2.097883e+01 2.257618e+01 2.166374e+01 2.009357e+01 1.748309e+01 1.664689e+01 1.534765e+01 2.729284e+01 3.005151e+00 2.352162e+00 2.950290e+00 3.333734e+00 2.970534e+00 3.528604e+00 3.796648e+00 3.764385e+00 3.477007e+00 3.067227e+00 2.924742e+00 2.697526e+00 3.680372e+00
<GCONST> 2.040790e+02
<STATE> 4
<MEAN> 39
 -4.306108e+00 -4.155473e+00 1.100003e+01 -2.312605e+00 -1.211582e+00 -4.119272e+00 -2.222195e+00 2.470582e+00 -3.904844e+00 5.203786e+00 -2.461504e+00 4.157902e+00 9.890804e+01 1.667378e-02 4.055923e-02 2.045490e-02 2.446790e-02 2.844103e-02 3.496268e-02 2.847755e-02 1.132452e-02 1.786152e-02 1.818454e-02 1.786170e-03 2.643027e-03 -5.973683e-03 -3.643526e-04 -6.005482e-06 1.112436e-04 -3.681615e-04 -3.212010e-04 -5.114127e-04 -6.260900e-04 -1.824987e-04 2.664995e-04 8.435545e-05 5.106959e-04 -8.651332e-05 -1.710398e-04
<VARIANCE> 39
 6.753474e+02 3.412362e+02 5.607598e+02 4.796462e+02 3.472082e+02 4.011722e+02 4.412065e+02 3.618229e+02 3.682593e+02 3.039560e+02 2.639483e+02 2.510356e+02 1.295583e+03 2.277723e+01 1.546074e+01 2.184501e+01 2.118108e+01 1.813343e+01 2.097883e+01 2.257618e+01 2.166374e+01 2.009357e+01 1.748309e+01 1.664689e+01 1.534765e+01 2.729284e+01 3.005151e+00 2.352162e+00 2.950290e+00 3.333734e+00 2.970534e+00 3.528604e+00 3.796648e+00 3.764385e+00 3.477007e+00 3.067227e+00 2.924742e+00 2.697526e+00 3.680372e+00
<GCONST> 2.040790e+02
<TRANSP> 5
 0.000000e+00 1.000000e+00 0.000000e+00 0.000000e+00 0.000000e+00
 0.000000e+00 6.000000e-01 4.000000e-01 0.000000e+00 0.000000e+00
 0.000000e+00 0.000000e+00 6.000000e-01 4.000000e-01 0.000000e+00
 0.000000e+00 0.000000e+00 0.000000e+00 7.000000e-01 3.000000e-01
 0.000000e+00 0.000000e+00 0.000000e+00 0.000000e+00 0.000000e+00
<ENDHMM>
